 4.48098828125000E+0003
 1.25058798828125E+0004
 1.23857587890625E+0004
 1.56293076171875E+0004
 1.50330341796875E+0004
 1.74469042968750E+0004
 1.72733359375000E+0004
 1.75168730468750E+0004
 1.91407910156250E+0004
 1.92123476562500E+0004
 1.78284707031250E+0004
 1.88318925781250E+0004
 1.95470839843750E+0004
 1.92469550781250E+0004
 1.93329960937500E+0004
 2.05673808593750E+0004
 2.10694804687500E+0004
 2.04738398437500E+0004
 2.03657187500000E+0004
 2.10780449218750E+0004
 2.20664296875000E+0004
 2.17870742187500E+0004
 2.10117656250000E+0004
 2.10254179687500E+0004
 2.22418066406250E+0004
 2.27037753906250E+0004
 2.24023359375000E+0004
 2.16604824218750E+0004
 2.16415644531250E+0004
 2.22787343750000E+0004
 2.37872890625000E+0004
 2.38242753906250E+0004
 2.31908535156250E+0004
 2.25521445312500E+0004
 2.23282753906250E+0004
 2.27790917968750E+0004
 2.39445253906250E+0004
 2.45029394531250E+0004
 2.55210996093750E+0004
 2.62702656250000E+0004
 2.60193593750000E+0004
 2.54576367187500E+0004
 2.48749179687500E+0004
 2.43081464843750E+0004
 2.37638105468750E+0004
 2.32431445312500E+0004
 2.27463652343750E+0004
 2.22759570312500E+0004
 2.18709316406250E+0004
 2.16817089843750E+0004
 2.17517734375000E+0004
 2.29933125000000E+0004
 2.50892265625000E+0004
 2.54099882812500E+0004
 2.51532871093750E+0004
 2.47382714843750E+0004
 2.43112207031250E+0004
 2.38916542968750E+0004
 2.34844804687500E+0004
 2.30906640625000E+0004
 2.27102753906250E+0004
 2.23443417968750E+0004
 2.19971699218750E+0004
 2.17041660156250E+0004
 2.16090488281250E+0004
 2.17790117187500E+0004
 2.30787675781250E+0004
 2.40338164062500E+0004
 2.39846406250000E+0004
 2.36987304687500E+0004
 2.33791542968750E+0004
 2.30568964843750E+0004
 2.27403593750000E+0004
 2.24316718750000E+0004
 2.21315292968750E+0004
 2.18410878906250E+0004
 2.15641367187500E+0004
 2.13265722656250E+0004
 2.12448007812500E+0004
 2.13861445312500E+0004
 2.24267558593750E+0004
 2.30587304687500E+0004
 2.30028007812500E+0004
 2.27721601562500E+0004
 2.25152226562500E+0004
 2.22554062500000E+0004
 2.19992070312500E+0004
 2.17483691406250E+0004
 2.16470742187500E+0004
 2.16074414062500E+0004
 2.15417187500000E+0004
 2.14731308593750E+0004
 2.14115058593750E+0004
 2.13727343750000E+0004
 2.13341035156250E+0004
 2.12668398437500E+0004
 2.11968242187500E+0004
 2.11210156250000E+0004
 2.10927070312500E+0004
 2.10456953125000E+0004
 2.09957812500000E+0004
 2.09399121093750E+0004
 2.08628515625000E+0004
 2.07985683593750E+0004
 2.07346289062500E+0004
 2.06619941406250E+0004
 2.05869140625000E+0004
 2.05124257812500E+0004
 2.04355800781250E+0004
 2.03622207031250E+0004
 2.02749101562500E+0004
 2.01997832031250E+0004
 2.01451484375000E+0004
 2.00653339843750E+0004
 2.00086835937500E+0004
 1.99438828125000E+0004
 1.98712207031250E+0004
 1.98045000000000E+0004
 1.97382656250000E+0004
 1.96697441406250E+0004
 1.96016855468750E+0004
 1.95368027343750E+0004
 1.94804199218750E+0004
 1.94189980468750E+0004
 1.93553105468750E+0004
 1.92920390625000E+0004
 1.92265703125000E+0004
 1.91615507812500E+0004
 1.91201621093750E+0004
 1.90661132812500E+0004
 1.90251328125000E+0004
 1.89665429687500E+0004
 1.88669160156250E+0004
 1.89579570312500E+0004
 1.89579687500000E+0004
 1.89579687500000E+0004
 1.89579687500000E+0004
 1.89579687500000E+0004
 1.89579687500000E+0004
 1.89579687500000E+0004
 1.89579687500000E+0004
 1.89579687500000E+0004
 1.89579687500000E+0004
 1.89579687500000E+0004
 1.89579687500000E+0004
 1.89579687500000E+0004
 1.89579687500000E+0004
 1.89579687500000E+0004
 1.89579687500000E+0004
 1.89579687500000E+0004
 1.89579687500000E+0004
 1.89579687500000E+0004
 1.89579687500000E+0004
 1.89579687500000E+0004
 1.89579687500000E+0004
 1.89579687500000E+0004
 1.89579687500000E+0004
 1.89579687500000E+0004
 1.89579687500000E+0004
 1.89579687500000E+0004
 1.89579687500000E+0004
 1.89579687500000E+0004
 1.89579687500000E+0004
 1.89579687500000E+0004
 1.89579687500000E+0004
 1.89579687500000E+0004
 1.89579687500000E+0004
 1.89579687500000E+0004
 1.89579687500000E+0004
 1.89579687500000E+0004
 1.89579687500000E+0004
 1.89579687500000E+0004
 1.89579687500000E+0004
 1.89579687500000E+0004
 1.89579687500000E+0004
 1.89579687500000E+0004
 1.89579687500000E+0004
 1.89579687500000E+0004
 1.89579687500000E+0004
 1.89579687500000E+0004
 1.89579687500000E+0004
 1.89579687500000E+0004
 1.89579687500000E+0004
 1.89579687500000E+0004
 1.89579687500000E+0004
 1.89579687500000E+0004
 1.89579687500000E+0004
 1.89579687500000E+0004
 1.89579687500000E+0004
 1.89579687500000E+0004
 1.89579687500000E+0004
 1.89579687500000E+0004
 1.89579687500000E+0004
 1.89579687500000E+0004
 1.89579687500000E+0004
 1.89579687500000E+0004
 1.89579687500000E+0004
 1.89579687500000E+0004
 1.89579687500000E+0004
 1.89579687500000E+0004
 1.89579687500000E+0004
 1.89579687500000E+0004
 1.89579687500000E+0004
 1.89579687500000E+0004
 1.89579687500000E+0004
 1.89579687500000E+0004
 1.89579687500000E+0004
 1.89579687500000E+0004
 1.89579687500000E+0004
 1.89579687500000E+0004
 1.89579687500000E+0004
 1.89579687500000E+0004
 1.89579687500000E+0004
 1.89554667968750E+0004
 1.89554648437500E+0004
 1.88943847656250E+0004
 1.89721171875000E+0004
 1.89721015625000E+0004
 1.89645292968750E+0004
 1.89606035156250E+0004
 1.89606035156250E+0004
 1.89433593750000E+0004
 1.88624570312500E+0004
 1.88200429687500E+0004
 1.89629960937500E+0004
 1.89605585937500E+0004
 1.89605546875000E+0004
 1.89467578125000E+0004
 1.89443496093750E+0004
 1.89349726562500E+0004
 1.88657460937500E+0004
 1.88695292968750E+0004
 1.87969140625000E+0004
 1.87943437500000E+0004
 1.87920488281250E+0004
 1.87848925781250E+0004
 1.87169101562500E+0004
 1.88024355468750E+0004
 1.88024394531250E+0004
 1.87519667968750E+0004
 1.88120839843750E+0004
 1.88120898437500E+0004
 1.88120898437500E+0004
 1.88120898437500E+0004
 1.88120898437500E+0004
 1.88120898437500E+0004
 1.88006992187500E+0004
 1.88006972656250E+0004
 1.88006972656250E+0004
 1.88006972656250E+0004
 1.88006972656250E+0004
 1.88006972656250E+0004
 1.88006972656250E+0004
 1.88006972656250E+0004
 1.88006972656250E+0004
 1.88006972656250E+0004
 1.87374843750000E+0004
 1.88101679687500E+0004
 1.88534335937500E+0004
 1.88533984375000E+0004
 1.88533984375000E+0004
 1.88533984375000E+0004
 1.88533984375000E+0004
 1.88220957031250E+0004
 1.87610605468750E+0004
 1.87830175781250E+0004
 1.87830117187500E+0004
 1.87830117187500E+0004
 1.87830117187500E+0004
 1.87830117187500E+0004
 1.87830117187500E+0004
 1.87830117187500E+0004
 1.87830117187500E+0004
 1.87830117187500E+0004
 1.87830117187500E+0004
 1.87830117187500E+0004
 1.87649648437500E+0004
 1.87649746093750E+0004
 1.87649746093750E+0004
 1.87649746093750E+0004
 1.87649746093750E+0004
 1.87649746093750E+0004
 1.87038378906250E+0004
 1.87459863281250E+0004
 1.87459726562500E+0004
 1.87459726562500E+0004
 1.87151289062500E+0004
 1.86620351562500E+0004
 1.86758828125000E+0004
 1.86365800781250E+0004
 1.86602421875000E+0004
 1.86602558593750E+0004
 1.86602558593750E+0004
 1.86602558593750E+0004
 1.86602558593750E+0004
 1.86602558593750E+0004
 1.86602558593750E+0004
 1.86602558593750E+0004
 1.86602558593750E+0004
 1.86602558593750E+0004
 1.86602558593750E+0004
 1.86602558593750E+0004
 1.86602558593750E+0004
 1.86602558593750E+0004
 1.86602558593750E+0004
 1.86602558593750E+0004
 1.86602558593750E+0004
 1.86602558593750E+0004
 1.86602558593750E+0004
 1.86602558593750E+0004
 1.86602558593750E+0004
 1.86602558593750E+0004
 1.86602558593750E+0004
 1.86602558593750E+0004
 1.86602558593750E+0004
 1.86602558593750E+0004
 1.86602558593750E+0004
 1.86602558593750E+0004
 1.86602558593750E+0004
 1.86602558593750E+0004
 1.86602558593750E+0004
 1.86602558593750E+0004
 1.86602558593750E+0004
 1.86602558593750E+0004
 1.86602558593750E+0004
 1.86149843750000E+0004
 1.86820273437500E+0004
 1.86799453125000E+0004
 1.86799160156250E+0004
 1.86799160156250E+0004
 1.86799160156250E+0004
 1.86799160156250E+0004
 1.86799160156250E+0004
 1.86799160156250E+0004
 1.86799160156250E+0004
 1.86799160156250E+0004
 1.86799160156250E+0004
 1.86799160156250E+0004
 1.86799160156250E+0004
 1.86799160156250E+0004
 1.86799160156250E+0004
 1.86799160156250E+0004
 1.86799160156250E+0004
 1.86799160156250E+0004
 1.86799160156250E+0004
 1.86799160156250E+0004
 1.86799160156250E+0004
 1.86799160156250E+0004
 1.86799160156250E+0004
 1.86799160156250E+0004
 1.86799160156250E+0004
 1.86799160156250E+0004
 1.86702304687500E+0004
 1.86159414062500E+0004
 1.86669121093750E+0004
 1.87038808593750E+0004
 1.86576523437500E+0004
 1.86418945312500E+0004
 1.86862128906250E+0004
 1.86214199218750E+0004
 1.86994941406250E+0004
 1.86329082031250E+0004
 1.86849628906250E+0004
 1.87286894531250E+0004
 1.86338339843750E+0004
 1.86852597656250E+0004
 1.87994746093750E+0004
 1.87096914062500E+0004
 1.86979003906250E+0004
 1.88556347656250E+0004
 1.88620878906250E+0004
 1.87598007812500E+0004
 1.87657968750000E+0004
 1.89675019531250E+0004
 1.90033222656250E+0004
 1.89023867187500E+0004
 1.88624257812500E+0004
 1.89562675781250E+0004
 1.92345957031250E+0004
 1.92164296875000E+0004
 1.91089531250000E+0004
 1.90628359375000E+0004
 1.91266816406250E+0004
 1.94549414062500E+0004
 1.95208535156250E+0004
 1.94277460937500E+0004
 1.93292500000000E+0004
 1.93359277343750E+0004
 1.96084160156250E+0004
 1.98877597656250E+0004
 1.98471269531250E+0004
 1.97416171875000E+0004
 1.97011093750000E+0004
 1.97774628906250E+0004
 2.01855332031250E+0004
 2.03865449218750E+0004
 2.03294511718750E+0004
 2.02225253906250E+0004
 2.01757128906250E+0004
 2.02358300781250E+0004
 2.06490859375000E+0004
 2.10678554687500E+0004
 2.10872519531250E+0004
 2.09822031250000E+0004
 2.08736132812500E+0004
 2.08273730468750E+0004
 2.09303730468750E+0004
 2.14459199218750E+0004
 2.18177480468750E+0004
 2.18108535156250E+0004
 2.17060078125000E+0004
 2.15942500000000E+0004
 2.15284765625000E+0004
 2.15631054687500E+0004
 2.19088535156250E+0004
 2.26437421875000E+0004
 2.27263613281250E+0004
 2.26455878906250E+0004
 2.25317500000000E+0004
 2.24508496093750E+0004
 2.23975488281250E+0004
 2.24316171875000E+0004
 2.27359140625000E+0004
 2.36044804687500E+0004
 2.37365273437500E+0004
 2.36603378906250E+0004
 2.35459628906250E+0004
 2.34291816406250E+0004
 2.33512695312500E+0004
 2.33108476562500E+0004
 2.33959160156250E+0004
 2.38619257812500E+0004
 2.45837070312500E+0004
 2.46367812500000E+0004
 2.45478183593750E+0004
 2.44318652343750E+0004
 2.43141269531250E+0004
 2.41986054687500E+0004
 2.41399375000000E+0004
 2.40904082031250E+0004
 2.41529101562500E+0004
 2.45739199218750E+0004
 2.53459335937500E+0004
 2.54630468750000E+0004
 2.53855097656250E+0004
 2.52727558593750E+0004
 2.51571601562500E+0004
 2.50417207031250E+0004
 2.49284101562500E+0004
 2.48491367187500E+0004
 2.47865781250000E+0004
 2.47974902343750E+0004
 2.50787812500000E+0004
 2.60311054687500E+0004
 2.62933769531250E+0004
 2.62495507812500E+0004
 2.61411093750000E+0004
 2.60280234375000E+0004
 2.59143613281250E+0004
 2.58013671875000E+0004
 2.56899667968750E+0004
 2.55815058593750E+0004
 2.55065429687500E+0004
 2.54803300781250E+0004
 2.55793203125000E+0004
 2.60743046875000E+0004
 2.68425292968750E+0004
 2.69214433593750E+0004
 2.68364472656250E+0004
 2.67286777343750E+0004
 2.66184824218750E+0004
 2.65083066406250E+0004
 2.63987792968750E+0004
 2.62902031250000E+0004
 2.61827714843750E+0004
 2.60769882812500E+0004
 2.59798398437500E+0004
 2.59169941406250E+0004
 2.59113906250000E+0004
 2.60977304687500E+0004
 2.68394414062500E+0004
 2.74715566406250E+0004
 2.75104277343750E+0004
 2.74294863281250E+0004
 2.73260429687500E+0004
 2.72200976562500E+0004
 2.71140507812500E+0004
 2.70085839843750E+0004
 2.69039082031250E+0004
 2.68000800781250E+0004
 2.66973242187500E+0004
 2.65962480468750E+0004
 2.65047382812500E+0004
 2.64521113281250E+0004
 2.64392832031250E+0004
 2.66235957031250E+0004
 2.73594609375000E+0004
 2.78556757812500E+0004
 2.78912949218750E+0004
 2.78094765625000E+0004
 2.77109921875000E+0004
 2.76099589843750E+0004
 2.75087558593750E+0004
 2.74080117187500E+0004
 2.73079960937500E+0004
 2.72087148437500E+0004
 2.71104140625000E+0004
 2.70135429687500E+0004
 2.69198652343750E+0004
 2.68662753906250E+0004
 2.68476328125000E+0004
 2.69750312500000E+0004
 2.76036308593750E+0004
 2.82282968750000E+0004
 2.82800332031250E+0004
 2.82085683593750E+0004
 2.81156523437500E+0004
 2.80192167968750E+0004
 2.79223398437500E+0004
 2.78258222656250E+0004
 2.77298886718750E+0004
 2.76346640625000E+0004
 2.75403378906250E+0004
 2.74474453125000E+0004
 2.73580410156250E+0004
 2.73047890625000E+0004
 2.72982675781250E+0004
 2.74502578125000E+0004
 2.80914531250000E+0004
 2.85168847656250E+0004
 2.85431464843750E+0004
 2.84667089843750E+0004
 2.83772089843750E+0004
 2.82848339843750E+0004
 2.81920683593750E+0004
 2.80996738281250E+0004
 2.80078867187500E+0004
 2.79167558593750E+0004
 2.78265781250000E+0004
 2.77381093750000E+0004
 2.76539589843750E+0004
 2.76060351562500E+0004
 2.76136464843750E+0004
 2.78452089843750E+0004
 2.82882988281250E+0004
 2.87663281250000E+0004
 2.92119843750000E+0004
 2.96244472656250E+0004
 3.00145839843750E+0004
 3.03733789062500E+0004
 3.14015957031250E+0004
 3.14173867187500E+0004
 3.13342246093750E+0004
