

1    0   0   1             
2    4.35   0   1
3    4.35   19.5   4
4    0   19.5   4
5    1.0875   0   1
6    2.175   0   1
7    3.2625   0   1
8    4.35   1.21875   1
9    4.35   2.4375   1
10   4.35   3.65625   1
11   4.35   4.875   1
12   4.35   6.09375   1
13   4.35   7.3125   1
14   4.35   8.53125   1
15   4.35   9.75   1
16   4.35   10.9688   1
17   4.35   12.1875   1
18   4.35   13.4062   1
19   4.35   14.625   1
20   4.35   15.8438   1
21   4.35   17.0625   1
22   4.35   18.2812   1
23   3.2625   19.5   4
24   2.175   19.5   4
25   1.0875   19.5   4
26   0   18.2812   0
27   0   17.0625   0
28   0   15.8438   0
29   0   14.625   0
30   0   13.4062   0
31   0   12.1875   0
32   0   10.9688   0
33   0   9.75   0
34   0   8.53125   0
35   0   7.3125   0
36   0   6.09375   0
37   0   4.875   0
38   0   3.65625   0
39   0   2.4375   0
40   0   1.21875   0
41   1.14798   18.6132   0
42   0.999101   17.3887   0
43   2.175   17.5648   0
44   3.3509   17.7409   0
45   0.999101   16.1864   0
46   2.175   16.3625   0
47   3.3509   16.5386   0
48   0.999101   14.9841   0
49   2.175   15.1602   0
50   3.3509   15.3363   0
51   0.999101   13.7818   0
52   2.175   13.958   0
53   3.3509   14.1341   0
54   0.999101   12.5796   0
55   2.175   12.7557   0
56   3.3509   12.9318   0
57   0.999101   11.3773   0
58   2.175   11.5534   0
59   3.3509   11.7295   0
60   0.999101   10.175   0
61   2.175   10.3511   0
62   3.3509   10.5272   0
63   0.999101   8.97276   0
64   2.175   9.14886   0
65   3.3509   9.32497   0
66   0.999101   7.77049   0
67   2.175   7.94659   0
68   3.3509   8.12269   0
69   0.999101   6.56822   0
70   2.175   6.74432   0
71   3.3509   6.92042   0
72   0.999101   5.36595   0
73   2.175   5.54205   0
74   3.3509   5.71815   0
75   0.999101   4.16368   0
76   2.175   4.33978   0
77   3.3509   4.51588   0
78   0.999101   2.9614   0
79   2.175   3.13751   0
80   3.3509   3.31361   0
81   0.999101   1.75913   0
82   2.175   1.93523   0
83   3.3509   2.11134   0
84   3.20202   0.886768   0